262144000S,0C
0 0
492 1
2814 1
159026 1
875 1
756 1
1047 1
1074 1
1186 1
1297 1
-4604 -4
934 1
247499 1
247578 1
-495077 -2
246580 1
248331 1
246839 1
-248331 -1
1248 1
1948 1
2100 1
2888 1
2137 1
2222 1
2268 1
1613 1
2831 1
-10675 -5
2267 1
2087 1
6555 1
7990 1
9667 1
10977 1
12605 1
12843 1
4686 1
6747 1
14153 1
1721 1
1411 1
2301 1
4418 1
11398 1
7481 1
4469 1
9042 1
9353 1
38554 1
952 1
1043 1
1863 1
-1995 -2
4198 1
4281 1
4362 1
4451 1
4486 1
4508 1
6983 1
1062 1
1186 1
1273 1
1269 1
1263 1
4919 1
4826 1
4943 1
5024 1
5076 1
5182 1
5254 1
5308 1
5324 1
5385 1
5406 1
5413 1
5428 1
5450 1
5478 1
5450 1
5529 1
5580 1
5639 1
5611 1
-140427 -32
8754 1
11068 1
17389 1
-11068 -1
243771 1
4355 1
5089 1
499 1
1387 1
1207 1
1962 1
1731 1
124835 1
2920 1
1341 1
6218 1
124325 1
7609 1
6404 1
6286 1
1982 1
1687 1
901554 1
3907 1
5124 1
4551 1
6183 1
6533 1
3040 1
11432 1
1669 1
5782 1
983 1
1098 1
424481 1
-426562 -3
423825 1
6267 1
4872 1
6317 1
3092 1
283896 1
2079 1
2977 1
2868 1
8184 1
6954 1
10304 1
9255 1
15205 1
11058 1
6091 1
6232 1
6340 1
6400 1
6486 1
6505 1
6640 1
6744 1
10020 1
8096 1
8146 1
8261 1
-75941 -11
12143 1
19304 1
18387 1
23880 1
22993 1
27383 1
26589 1
31406 1
30645 1
13168 1
11734 1
703 1
703 1
4872 1
189227 1
4389 1
3355 1
3353 1
4771 1
2876 1
1797 1
1967 1
2890 1
2848 1
13608 1
12323 1
15671 1
547 1
5013 1
6539 1
