262144000S,0C
0 0
3033 1
2831 1
896 1
460 1
1959 1
2948 1
3842 1
3273 1
1191 1
5139 1
1191 1
5138 1
1191 1
1192 1
1203 1
942 1
551 1
6169 1
5777 1
836 1
1210 1
809 1
193296 1
2925 1
194742 1
194823 1
-194742 -1
201064 1
159031 1
1566 1
7580 1
1566 1
8855 1
880 1
434 1
1265 1
1253 1
815 1
2918 1
1963 1
2860 1
2272 1
2558 1
251214 1
6560 1
6161 1
8458 1
9188 1
11445 1
12126 1
13311 1
4206 1
6267 1
14158 1
736 1
907 1
-736 -1
1114 1
-907 -1
1726 1
1347 1
-1114 -1
1879 1
1827 1
4423 1
251236 1
4502 1
8568 1
9821 1
243776 1
1144 1
3875 1
-1144 -1
5598 1
967 1
909 1
1683 1
1483 1
2202 1
12258 1
124320 1
3438 1
2675 1
322124 1
901559 1
3435 1
2282 1
4652 1
5019 1
5711 1
7001 1
189107 1
1201 1
190926 1
3078 1
10988 1
-189107 -1
424040 1
426282 1
5291 1
6345 1
3121 1
842 1
283424 1
2560 1
2461 1
3349 1
4608 1
3042 1
287522 1
10260 1
288625 1
4904 1
189255 1
4422 1
3383 1
3382 1
4804 1
2914 1
1316 1
4569 1
2476 1
8087 1
2374 1
3330 1
929 1
4806 1
6288 1
4650 1
3937 1
2154 1
2899 1
5184 1
9645 1
-9645 -1
7953 1
9645 1
-842 -1
1281438 1
14276 1
18040 1
8712 1
7060 1
10482 1
9282 1
12525 1
10853 1
14007 1
12482 1
240350 1
241000 1
-243534 -1
6486 1
-244188 -1
1243 1
5779 1
6008 1
-5298040 -92
7645 1
-7832 -1
19845 1
-20491 -1
1120 1
7554 1
-7737 -1
63883 1
-66292 -1
7763 1
-7952 -1
8224 1
-8437 -1
11111 1
-11286 -1
7557 1
-7740 -1
8218 1
7747 1
-16367 -2
7544 1
-7727 -1
2834 1
3094 1
-2900 -1
9047 1
7763 1
-17241 -2
8905 1
-9125 -1
29922 1
